
 Аксененко.Богдан 11111111111 8 4 2002
 Анисимов.Игорь 11111111112 16 5 2002
 Арутюнян.Вячеслав 11111111113 15 3 2002
 Батищев.Кирилл 11111111114 1 1 2003
 Берзин.Дмитрий 11111111115 27 11 2002
 Бовыкина.Полина 11111111116 5 2 2002
 Борисов.Сергей 11111111117 1 1 2002
 Высоцкая.Анастасия 11111111118 17 9 2001
 Горлов.Никита 11111111119 8 11 2002
 Долгова.Майя 11111111120 13 5 2002
 Жвакин.Андрей 11111111121 3 11 2002
 Заякина.Ульяна 11111111122 7 6 2002
 Казакова.Полина 11111111123 23 11 2000
 Калашников.Илья 11111111124 1 1 2002
 Лиходедова.Валерия 11111111125 24 7 2002
 Лючков.Дмитрий 11111111126 1 1 2002
 Михайлов.Данил 11111111127 1 1 2002
 Мищенко.Александр 11111111128 1 1 2002
 Наговицына.Софья 11111111129 1 1 2002
 Подграмский.Иван 11111111130 5 7 2002
 Портнягин.Максим 11111111131 15 8 2002
 Соболева.Алиса 11111111132 13 11 2002
 Уланский.Никита 11111111133 1 1 2002
 Шиловский.Степан 11111111134 19 8 2001